5028 3900 ---> 16
3810 1657 ---> 16
8843 5615 ---> 16
6379 1580 ---> 17
137 1704 ---> 16
147 9981 ---> 16
7684 9166 ---> 16
8934 3805 ---> 16
3947 2488 ---> 16
1479 8220 ---> 16
1557 6358 ---> 17
355 1040 ---> 16
2860 9125 ---> 16
6659 3133 ---> 16
6660 9136 ---> 16
1748 1546 ---> 16
8026 6476 ---> 16
6842 9694 ---> 18
8092 2727 ---> 16
5759 3842 ---> 16
4519 485 ---> 17
5868 5056 ---> 18
8374 9832 ---> 16
3450 8490 ---> 17
3468 7548 ---> 16
9733 9254 ---> 16
4776 895 ---> 16
3531 8961 ---> 16
9856 6365 ---> 17
8670 9691 ---> 19
4933 8354 ---> 16
8700 15 ---> 16
