2501 6372 ---> 8
2 624 ---> 8
7500 7739 ---> 11
2502 3713 ---> 8
5009 4291 ---> 8
6 7730 ---> 8
7509 2858 ---> 8
2513 1672 ---> 8
7512 5800 ---> 10
5020 7132 ---> 8
5021 9228 ---> 9
5022 1200 ---> 9
19 2129 ---> 8
7518 1942 ---> 8
21 9706 ---> 9
5025 7846 ---> 8
2521 117 ---> 9
23 2942 ---> 8
27 7459 ---> 8
7527 9183 ---> 8
30 4526 ---> 8
2529 150 ---> 8
31 1655 ---> 8
2531 1553 ---> 8
33 9487 ---> 8
7531 2797 ---> 10
36 6452 ---> 8
5043 4382 ---> 9
43 7409 ---> 9
44 5015 ---> 9
7542 1515 ---> 9
5052 8178 ---> 8
5052 2268 ---> 8
2547 1977 ---> 8
49 5884 ---> 8
7549 6983 ---> 8
5057 602 ---> 8
53 9444 ---> 8
54 3870 ---> 9
7554 7017 ---> 10
2557 3658 ---> 10
5065 5393 ---> 8
7558 2099 ---> 9
2560 6682 ---> 9
2562 9572 ---> 8
64 5620 ---> 10
7562 7162 ---> 8
65 5017 ---> 9
5074 1324 ---> 8
2569 7972 ---> 8
7569 4673 ---> 8
2571 4212 ---> 10
77 7092 ---> 8
7577 1022 ---> 8
5086 8561 ---> 8
82 8415 ---> 8
5087 3411 ---> 9
5089 163 ---> 8
2584 7408 ---> 8
5090 5691 ---> 8
7583 3424 ---> 8
7583 2832 ---> 8
2588 6080 ---> 8
90 4964 ---> 10
91 9060 ---> 9
7589 3246 ---> 8
2592 5271 ---> 8
7591 9880 ---> 8
2593 2218 ---> 8
2594 3155 ---> 8
101 7389 ---> 9
102 8929 ---> 10
7600 2471 ---> 8
5108 8497 ---> 8
104 4331 ---> 9
104 7325 ---> 8
2603 6593 ---> 8
105 4604 ---> 9
106 7716 ---> 8
5116 2585 ---> 8
114 2790 ---> 8
7612 5794 ---> 8
115 6020 ---> 8
116 4694 ---> 8
5123 1986 ---> 8
5125 8175 ---> 8
2621 3860 ---> 8
2621 4470 ---> 8
2622 5937 ---> 8
127 1316 ---> 8
7625 3320 ---> 8
2628 4587 ---> 8
5134 6033 ---> 9
2630 2391 ---> 9
5137 5259 ---> 9
133 9263 ---> 8
5138 4952 ---> 9
7633 9888 ---> 8
2635 2520 ---> 8
5142 2774 ---> 8
5143 4236 ---> 8
7636 5283 ---> 9
140 4218 ---> 11
7638 9850 ---> 10
2640 9452 ---> 8
2641 5458 ---> 8
7640 7419 ---> 8
147 6484 ---> 8
5152 9565 ---> 8
5152 6611 ---> 8
2647 2690 ---> 8
7651 8218 ---> 9
7652 1242 ---> 8
156 2330 ---> 8
5161 9547 ---> 8
7654 4198 ---> 8
5163 4107 ---> 9
5166 8542 ---> 8
2662 7954 ---> 11
2663 7773 ---> 12
2664 4986 ---> 8
7669 3988 ---> 8
5179 4029 ---> 8
7672 873 ---> 8
7673 9800 ---> 8
2677 7465 ---> 8
2678 5551 ---> 8
7679 3926 ---> 8
2682 4887 ---> 8
5188 8075 ---> 8
7683 6330 ---> 8
7686 3503 ---> 8
5196 4918 ---> 12
5198 9131 ---> 8
2693 8640 ---> 11
5199 6805 ---> 8
2694 9371 ---> 8
2696 5981 ---> 8
7698 9187 ---> 8
5207 9066 ---> 8
5208 4927 ---> 8
7703 7943 ---> 8
5215 7154 ---> 8
7707 9279 ---> 8
7709 2171 ---> 9
2713 5217 ---> 9
5219 1716 ---> 9
2719 8159 ---> 10
5225 6772 ---> 8
7716 8236 ---> 8
5226 7897 ---> 8
2722 7911 ---> 8
5231 9595 ---> 8
5244 9624 ---> 12
5244 3366 ---> 8
7736 2575 ---> 8
2744 156 ---> 8
5252 8274 ---> 8
7742 4999 ---> 8
7745 7071 ---> 8
5256 2628 ---> 10
2757 6228 ---> 8
7753 7227 ---> 8
2760 7941 ---> 8
2761 4716 ---> 8
5267 9943 ---> 9
2765 245 ---> 8
2766 259 ---> 8
2766 8315 ---> 8
5272 1660 ---> 8
2768 384 ---> 9
7764 2816 ---> 8
5276 3231 ---> 8
2772 1496 ---> 8
5280 7880 ---> 8
2775 1099 ---> 8
7774 4226 ---> 8
7774 2614 ---> 8
7775 746 ---> 8
2781 1794 ---> 8
5288 7940 ---> 8
2784 8081 ---> 8
7778 4222 ---> 8
7781 9582 ---> 8
5296 628 ---> 8
7784 7161 ---> 9
5298 7980 ---> 8
5299 8967 ---> 9
7787 8592 ---> 8
2794 1816 ---> 8
5301 9188 ---> 8
5301 9929 ---> 8
7791 1176 ---> 8
2800 8522 ---> 8
5307 3976 ---> 8
2802 6358 ---> 8
7796 6302 ---> 8
5309 1600 ---> 9
2804 1419 ---> 8
2806 1212 ---> 8
7801 2918 ---> 8
7802 7539 ---> 8
7803 5616 ---> 9
2812 2212 ---> 8
5318 8419 ---> 8
7806 3932 ---> 8
7806 5513 ---> 8
7808 5176 ---> 8
5322 4353 ---> 8
2817 2511 ---> 10
2818 9872 ---> 8
2819 591 ---> 10
7812 6132 ---> 8
7813 1199 ---> 8
2821 3787 ---> 8
5329 3384 ---> 10
7817 4339 ---> 8
2827 1306 ---> 8
2827 8205 ---> 8
2831 1311 ---> 8
2841 9748 ---> 8
5349 9184 ---> 8
2847 7036 ---> 9
2849 9757 ---> 9
2850 8385 ---> 8
2850 9223 ---> 8
2851 4000 ---> 8
7845 6825 ---> 9
2853 3213 ---> 8
5361 8965 ---> 8
7848 346 ---> 8
5373 1658 ---> 9
5373 5738 ---> 8
2869 8488 ---> 8
2872 7256 ---> 8
5381 4263 ---> 8
2874 9598 ---> 8
7867 5137 ---> 8
7868 5208 ---> 8
7868 6142 ---> 8
2876 4578 ---> 8
170 2223 ---> 8
7871 6369 ---> 8
5387 7657 ---> 9
7871 6727 ---> 8
171 3214 ---> 9
2880 6635 ---> 8
175 5109 ---> 8
5397 2772 ---> 8
175 1437 ---> 8
7881 3740 ---> 8
5399 9415 ---> 8
179 338 ---> 8
7882 6645 ---> 8
180 1563 ---> 10
5401 9466 ---> 8
7883 4696 ---> 8
5401 9486 ---> 8
7884 80 ---> 8
186 8875 ---> 9
5406 9669 ---> 8
5408 5092 ---> 8
196 5803 ---> 8
5415 9708 ---> 8
197 5717 ---> 8
5416 211 ---> 9
198 2324 ---> 8
5419 3195 ---> 8
202 2399 ---> 8
202 1486 ---> 8
7893 2633 ---> 8
206 289 ---> 8
5427 4010 ---> 8
209 5191 ---> 8
2920 180 ---> 10
2920 4386 ---> 9
7896 4367 ---> 8
213 7842 ---> 8
215 1139 ---> 9
2926 3325 ---> 8
5430 4672 ---> 8
2927 2581 ---> 8
219 6827 ---> 8
5439 1518 ---> 8
229 8594 ---> 8
232 6516 ---> 10
234 2153 ---> 8
5448 2834 ---> 8
238 237 ---> 10
5453 5192 ---> 9
5453 6789 ---> 8
241 1490 ---> 8
5455 3171 ---> 8
5461 8019 ---> 8
245 3454 ---> 8
5463 5034 ---> 8
7909 9985 ---> 9
257 3572 ---> 8
7915 2232 ---> 8
5469 4689 ---> 8
7921 3320 ---> 9
270 1783 ---> 8
271 4140 ---> 10
272 7704 ---> 8
2939 4587 ---> 10
7934 5077 ---> 8
7935 2369 ---> 8
279 1116 ---> 8
7936 7311 ---> 10
281 7909 ---> 8
285 7044 ---> 9
7944 2857 ---> 8
7946 9524 ---> 8
292 7933 ---> 9
294 8210 ---> 8
7954 4235 ---> 8
298 3298 ---> 8
7957 575 ---> 10
7960 7477 ---> 8
310 5137 ---> 9
313 4684 ---> 8
319 7650 ---> 8
7981 9192 ---> 9
325 534 ---> 8
7984 2411 ---> 8
5480 6831 ---> 8
7987 2792 ---> 8
7987 6360 ---> 8
331 1146 ---> 8
333 9245 ---> 9
334 36 ---> 8
335 6649 ---> 8
7993 2030 ---> 8
339 7468 ---> 8
342 8473 ---> 8
8001 1210 ---> 8
8001 1468 ---> 8
8006 9992 ---> 8
350 107 ---> 8
8007 9405 ---> 8
353 9577 ---> 8
2951 9310 ---> 8
2951 58 ---> 8
360 4295 ---> 8
8017 9237 ---> 8
2953 1040 ---> 8
368 9141 ---> 8
374 5453 ---> 11
8031 7101 ---> 8
8033 3619 ---> 11
377 4968 ---> 9
385 2049 ---> 8
387 2126 ---> 10
8044 8252 ---> 9
388 8560 ---> 8
8045 8671 ---> 8
391 5833 ---> 9
391 6150 ---> 8
393 2140 ---> 8
8050 5829 ---> 8
8053 7327 ---> 8
8054 4560 ---> 8
8055 7950 ---> 8
8056 605 ---> 8
8057 5852 ---> 8
8057 343 ---> 8
8063 3287 ---> 8
8069 8444 ---> 8
5495 8476 ---> 12
8073 2229 ---> 8
8074 3065 ---> 8
8081 4130 ---> 9
8083 5692 ---> 11
5497 8572 ---> 9
2963 1369 ---> 8
2964 7028 ---> 11
430 4002 ---> 8
8088 1972 ---> 8
8093 6782 ---> 8
8093 6210 ---> 8
5501 4493 ---> 8
8096 6064 ---> 8
2975 1029 ---> 8
2976 2024 ---> 8
442 2420 ---> 11
8099 984 ---> 8
5507 871 ---> 8
8099 585 ---> 8
5510 8994 ---> 8
2981 2114 ---> 8
450 3210 ---> 8
451 2330 ---> 8
2986 2542 ---> 8
2986 6411 ---> 8
5516 5475 ---> 8
452 3483 ---> 8
452 7992 ---> 8
2988 9352 ---> 8
5518 3634 ---> 9
5521 4976 ---> 8
2997 9141 ---> 8
2998 9792 ---> 8
5528 9657 ---> 8
8119 7011 ---> 9
5531 5070 ---> 8
3003 7619 ---> 8
8123 3215 ---> 8
470 9328 ---> 9
5534 6421 ---> 8
5535 7172 ---> 8
3007 1324 ---> 8
5537 999 ---> 8
8127 773 ---> 10
3012 5125 ---> 8
3012 4021 ---> 8
3013 8665 ---> 8
3014 818 ---> 8
3015 7963 ---> 9
3015 5653 ---> 8
5547 9278 ---> 8
483 3513 ---> 8
8138 375 ---> 8
5548 1964 ---> 8
484 8421 ---> 8
3019 6318 ---> 8
8140 5226 ---> 8
486 6353 ---> 10
3020 7145 ---> 8
3022 4805 ---> 10
3022 1309 ---> 8
8145 3717 ---> 8
3025 3450 ---> 9
3027 2553 ---> 9
5558 6613 ---> 8
8148 2774 ---> 8
3029 1466 ---> 9
8150 3584 ---> 9
497 4624 ---> 8
5563 2317 ---> 8
5563 6362 ---> 8
500 9383 ---> 8
8154 3279 ---> 8
501 6669 ---> 8
5565 3066 ---> 9
502 2147 ---> 8
8157 6422 ---> 8
8158 403 ---> 9
8158 9611 ---> 8
5569 9917 ---> 8
3039 5232 ---> 8
3040 3489 ---> 8
507 4186 ---> 8
3041 3853 ---> 8
3042 152 ---> 9
3043 8674 ---> 8
5574 8618 ---> 8
3044 560 ---> 8
5578 9349 ---> 8
5580 7588 ---> 8
8170 1866 ---> 8
517 3368 ---> 8
5581 5651 ---> 8
3053 1617 ---> 8
523 5717 ---> 8
8177 617 ---> 8
526 766 ---> 8
3060 6196 ---> 8
3061 726 ---> 8
528 2930 ---> 8
8183 6398 ---> 8
3067 4682 ---> 9
534 9095 ---> 8
3068 49 ---> 9
5599 9103 ---> 9
536 6031 ---> 8
536 652 ---> 8
5601 4177 ---> 9
3072 3481 ---> 8
5603 61 ---> 8
540 3693 ---> 8
8194 6986 ---> 8
542 4044 ---> 8
8197 3955 ---> 8
544 6154 ---> 8
8199 6467 ---> 8
5611 6257 ---> 8
3082 9869 ---> 9
3082 2413 ---> 8
5613 9383 ---> 9
3083 2077 ---> 8
5614 8163 ---> 8
551 82 ---> 9
3084 4949 ---> 8
5615 4145 ---> 8
551 4553 ---> 9
3084 1109 ---> 8
554 9727 ---> 8
555 5608 ---> 8
8211 3411 ---> 8
558 4830 ---> 9
558 5592 ---> 8
3091 104 ---> 8
8213 4215 ---> 9
559 546 ---> 8
559 4597 ---> 8
5624 8743 ---> 8
561 481 ---> 8
3094 5579 ---> 8
8218 480 ---> 8
565 8698 ---> 8
8220 3013 ---> 8
8220 6165 ---> 8
567 3864 ---> 10
3100 3846 ---> 8
3100 4053 ---> 8
3100 7129 ---> 8
8222 175 ---> 8
5635 3034 ---> 8
3104 6081 ---> 8
572 9714 ---> 8
3106 6331 ---> 8
5638 7715 ---> 8
574 3310 ---> 9
576 8500 ---> 8
576 4905 ---> 8
3109 1804 ---> 8
577 1574 ---> 8
3111 6602 ---> 8
580 5744 ---> 8
8236 8189 ---> 8
582 4657 ---> 8
8238 1575 ---> 8
3117 7035 ---> 8
5650 6806 ---> 9
5650 313 ---> 9
586 4304 ---> 8
5655 7000 ---> 8
592 1470 ---> 8
8247 4252 ---> 8
595 3495 ---> 9
3129 7234 ---> 10
5662 3640 ---> 9
5662 8112 ---> 8
5664 9810 ---> 8
8255 1286 ---> 9
3134 7410 ---> 8
602 5170 ---> 8
604 6493 ---> 9
604 5336 ---> 8
8259 6737 ---> 8
605 7776 ---> 8
3140 3713 ---> 8
8262 5786 ---> 8
8263 1751 ---> 9
8264 1781 ---> 8
610 9582 ---> 8
5678 5717 ---> 9
8269 7455 ---> 8
8270 6341 ---> 9
8273 1476 ---> 10
3152 6573 ---> 8
5685 5959 ---> 9
627 3367 ---> 9
3162 4917 ---> 8
8284 3901 ---> 8
630 4024 ---> 8
631 5888 ---> 8
3167 8065 ---> 9
634 405 ---> 8
636 3338 ---> 8
3174 435 ---> 9
3174 6624 ---> 8
5706 7484 ---> 8
640 9778 ---> 8
8296 3357 ---> 8
644 3274 ---> 8
5712 9894 ---> 8
3181 6168 ---> 8
5713 6984 ---> 8
5714 5535 ---> 8
649 9796 ---> 9
3185 2373 ---> 10
5719 2510 ---> 8
654 1177 ---> 8
3190 8990 ---> 9
5722 2307 ---> 8
5722 217 ---> 8
8312 2356 ---> 8
658 2173 ---> 8
3193 6545 ---> 8
3193 8052 ---> 8
659 9800 ---> 8
3197 6077 ---> 8
5729 7131 ---> 9
5731 6697 ---> 9
666 6424 ---> 8
3201 4719 ---> 8
5734 5266 ---> 9
668 5310 ---> 8
8329 342 ---> 8
8329 1057 ---> 8
3208 3444 ---> 8
674 8892 ---> 8
3211 3847 ---> 8
8333 3210 ---> 9
8334 1660 ---> 9
679 6190 ---> 8
681 4232 ---> 8
681 4574 ---> 8
681 9100 ---> 8
683 6039 ---> 8
3218 8607 ---> 10
8340 6942 ---> 8
8344 1506 ---> 9
689 2314 ---> 8
690 6034 ---> 8
8348 3079 ---> 8
5759 5676 ---> 9
693 1855 ---> 8
694 5518 ---> 8
696 2120 ---> 8
3231 9379 ---> 8
8353 6053 ---> 8
8358 6655 ---> 9
5768 1048 ---> 8
8360 6688 ---> 8
8364 7086 ---> 9
708 3890 ---> 8
5776 3162 ---> 8
8366 8575 ---> 9
8368 599 ---> 9
8368 1067 ---> 8
712 1528 ---> 8
3248 7523 ---> 8
3253 5072 ---> 9
719 3177 ---> 8
3254 8841 ---> 10
720 2955 ---> 8
3255 6112 ---> 8
5787 4398 ---> 8
5788 9045 ---> 8
724 8306 ---> 8
5792 4533 ---> 10
5793 2088 ---> 8
8386 284 ---> 8
732 6556 ---> 8
8389 9866 ---> 9
8389 2386 ---> 8
3270 7659 ---> 9
5802 1721 ---> 8
3271 9067 ---> 9
3271 8494 ---> 8
8393 1826 ---> 8
8393 9959 ---> 8
8394 2434 ---> 8
3273 4113 ---> 10
739 3152 ---> 8
740 5528 ---> 9
8396 8669 ---> 8
8397 6304 ---> 8
5811 7723 ---> 9
746 1587 ---> 8
8402 3017 ---> 8
747 7464 ---> 8
3286 9922 ---> 8
8410 6524 ---> 8
5821 35 ---> 8
3290 4934 ---> 10
5822 6046 ---> 10
5822 625 ---> 9
5823 3526 ---> 9
3294 3382 ---> 8
759 9445 ---> 10
761 6629 ---> 8
8422 3909 ---> 8
765 6625 ---> 8
8426 6914 ---> 9
8426 8982 ---> 8
768 8176 ---> 8
3307 5218 ---> 10
8431 3448 ---> 8
8431 8608 ---> 8
3309 7921 ---> 8
3310 2357 ---> 8
3311 383 ---> 9
8435 3322 ---> 8
8435 4032 ---> 8
5827 346 ---> 8
3316 8423 ---> 8
5828 4122 ---> 8
8441 2549 ---> 8
3323 3561 ---> 8
3324 1327 ---> 8
8447 252 ---> 8
783 7112 ---> 8
5839 4195 ---> 8
5840 521 ---> 8
787 9646 ---> 10
787 4599 ---> 9
3333 5713 ---> 8
795 7809 ---> 8
5851 2874 ---> 9
8462 2086 ---> 8
5853 8694 ---> 11
801 6109 ---> 10
5856 8839 ---> 9
5856 7942 ---> 8
803 8837 ---> 8
8468 6121 ---> 8
5858 3428 ---> 8
8469 2375 ---> 8
5859 4569 ---> 9
8471 5406 ---> 8
8472 6788 ---> 8
3351 5987 ---> 8
809 4931 ---> 8
8476 7567 ---> 9
5866 911 ---> 8
812 2332 ---> 8
812 5323 ---> 8
8477 5920 ---> 8
5867 9308 ---> 8
5869 375 ---> 8
5870 760 ---> 8
816 7203 ---> 8
8481 5497 ---> 8
817 7903 ---> 8
8482 8780 ---> 8
8485 3010 ---> 8
5875 2842 ---> 8
3365 3343 ---> 8
5876 7997 ---> 9
3366 2785 ---> 8
5877 1983 ---> 8
824 7075 ---> 8
824 3965 ---> 8
5879 4494 ---> 8
825 4079 ---> 9
8496 8689 ---> 8
8498 9845 ---> 8
8498 5925 ---> 8
8499 7840 ---> 8
3381 8238 ---> 8
3382 1051 ---> 8
3383 5273 ---> 8
5895 705 ---> 9
8508 5760 ---> 8
5899 3540 ---> 10
3390 688 ---> 9
8512 108 ---> 8
5903 2364 ---> 9
8514 7498 ---> 8
3394 4287 ---> 8
8516 1364 ---> 8
3395 9593 ---> 8
3398 1743 ---> 8
8520 6580 ---> 8
857 6900 ---> 8
8523 9859 ---> 8
8525 243 ---> 8
3404 5874 ---> 8
3407 5864 ---> 8
5920 5588 ---> 9
3410 9407 ---> 9
8532 4455 ---> 9
8532 5447 ---> 8
8534 2638 ---> 8
3413 1628 ---> 8
3416 9076 ---> 8
874 9053 ---> 8
3417 3094 ---> 8
875 9128 ---> 11
876 1489 ---> 9
876 5440 ---> 8
3421 5552 ---> 8
8543 2456 ---> 8
8545 7013 ---> 9
3429 671 ---> 8
8551 8920 ---> 8
892 3145 ---> 8
5947 262 ---> 8
5948 3319 ---> 9
8560 4795 ---> 8
8561 9321 ---> 8
3440 3654 ---> 10
3440 1403 ---> 8
8564 1936 ---> 8
903 9634 ---> 8
8567 8208 ---> 8
3447 2850 ---> 8
3449 8652 ---> 8
5961 3993 ---> 9
3453 55 ---> 8
912 5208 ---> 8
912 6142 ---> 8
3455 5033 ---> 9
916 9068 ---> 8
3460 6945 ---> 8
3461 9106 ---> 9
919 4527 ---> 8
3463 45 ---> 8
5975 8016 ---> 8
8585 6860 ---> 8
921 4997 ---> 8
922 6627 ---> 9
3466 3755 ---> 9
5979 4542 ---> 8
8590 4318 ---> 8
3471 8491 ---> 8
8594 2104 ---> 8
8595 1970 ---> 8
8597 7988 ---> 8
934 434 ---> 8
3477 1473 ---> 9
8599 7403 ---> 8
5990 3767 ---> 8
936 8625 ---> 11
8601 2776 ---> 8
8602 831 ---> 8
8602 9 ---> 8
939 1030 ---> 8
5995 112 ---> 9
942 5745 ---> 8
943 7618 ---> 8
3486 3762 ---> 9
8609 9307 ---> 9
6000 2652 ---> 8
6003 4221 ---> 9
950 9751 ---> 8
951 4903 ---> 8
6007 6229 ---> 8
3497 4948 ---> 8
955 9032 ---> 10
3498 9342 ---> 8
3498 1874 ---> 8
3499 5589 ---> 8
6013 1761 ---> 8
960 6368 ---> 8
6017 4787 ---> 8
964 2396 ---> 9
6020 251 ---> 9
967 5521 ---> 8
967 8191 ---> 8
3511 2019 ---> 8
6023 9394 ---> 9
6023 5131 ---> 8
8633 1045 ---> 8
8633 6793 ---> 8
3512 1772 ---> 8
8634 8848 ---> 9
8634 9498 ---> 8
970 6893 ---> 8
8636 1360 ---> 8
6028 1211 ---> 8
3517 7076 ---> 8
6029 6246 ---> 8
978 2627 ---> 8
6033 3621 ---> 9
8643 6901 ---> 8
979 3720 ---> 8
3523 9848 ---> 11
981 3610 ---> 8
8647 6046 ---> 8
986 5517 ---> 9
8651 3776 ---> 8
3530 8154 ---> 8
6042 2531 ---> 9
991 8724 ---> 8
3532 6354 ---> 8
8665 4478 ---> 8
3534 2623 ---> 8
996 6177 ---> 8
3537 2445 ---> 8
997 1818 ---> 8
8676 2936 ---> 8
8678 1255 ---> 8
8678 5439 ---> 8
1007 5161 ---> 9
3548 7783 ---> 8
8682 9778 ---> 8
8683 4148 ---> 8
3550 2527 ---> 9
3550 1187 ---> 8
8688 2311 ---> 11
1014 445 ---> 8
3556 3876 ---> 8
3557 5284 ---> 9
3559 6068 ---> 8
8696 1677 ---> 8
3562 3954 ---> 8
1022 5291 ---> 8
3563 3199 ---> 9
1024 9177 ---> 8
8701 1857 ---> 8
1025 6898 ---> 8
8703 8975 ---> 8
1027 2062 ---> 10
1028 839 ---> 9
3569 3579 ---> 8
8708 9092 ---> 8
8709 5904 ---> 8
1033 6943 ---> 9
1035 8446 ---> 8
3576 2271 ---> 8
3577 8468 ---> 8
3579 2498 ---> 9
1039 4707 ---> 8
1041 4069 ---> 8
1042 4261 ---> 9
1044 2500 ---> 8
3585 3608 ---> 8
8723 7786 ---> 8
8724 4897 ---> 8
8725 5124 ---> 8
3590 6444 ---> 8
1050 854 ---> 9
8731 2672 ---> 8
3593 5908 ---> 8
3594 3473 ---> 9
1055 4826 ---> 9
8734 6894 ---> 8
1056 5602 ---> 8
3597 622 ---> 8
8737 5588 ---> 8
1062 8929 ---> 8
3603 5374 ---> 8
3604 5916 ---> 8
1064 8770 ---> 8
8745 3547 ---> 8
8746 1138 ---> 8
3608 6753 ---> 8
3609 7855 ---> 9
8749 2283 ---> 8
1070 1628 ---> 8
3611 316 ---> 8
1072 987 ---> 9
8757 4997 ---> 8
3618 2612 ---> 8
3620 2654 ---> 8
8764 5018 ---> 10
8767 3182 ---> 8
8771 1371 ---> 8
8775 8822 ---> 8
1095 3841 ---> 8
1095 4395 ---> 8
3638 3651 ---> 8
3639 227 ---> 10
3640 6734 ---> 8
1100 7677 ---> 8
8783 381 ---> 8
8788 2234 ---> 8
3647 6022 ---> 9
8789 8263 ---> 9
1107 6615 ---> 8
3649 1146 ---> 10
1111 2419 ---> 10
8794 4128 ---> 8
8798 2448 ---> 9
8798 8342 ---> 8
8799 4446 ---> 9
8799 1757 ---> 8
3658 6254 ---> 8
1119 5119 ---> 8
8802 8254 ---> 8
3660 4353 ---> 8
3661 4065 ---> 9
8804 2724 ---> 8
1124 4300 ---> 8
1129 8998 ---> 8
1130 4845 ---> 8
1131 4458 ---> 8
8814 930 ---> 9
8816 5882 ---> 8
3674 790 ---> 9
3677 1949 ---> 8
3680 5772 ---> 8
1144 1673 ---> 8
1145 1483 ---> 8
3689 8889 ---> 8
3691 1698 ---> 8
6044 7951 ---> 9
6045 1063 ---> 8
6045 3626 ---> 8
6046 2100 ---> 9
3695 2247 ---> 8
6048 9424 ---> 8
3696 1773 ---> 8
3699 7453 ---> 8
6058 5251 ---> 9
6058 1017 ---> 9
3707 4034 ---> 8
3710 435 ---> 8
3719 2602 ---> 8
3719 6617 ---> 8
6078 2614 ---> 9
3733 1820 ---> 8
3733 5985 ---> 8
3737 2626 ---> 8
6091 5026 ---> 8
3740 6274 ---> 9
6092 3701 ---> 9
8834 1199 ---> 10
6094 9294 ---> 8
8836 3188 ---> 8
3746 2345 ---> 8
6099 5066 ---> 8
3748 4226 ---> 8
3748 2614 ---> 8
8844 6526 ---> 9
3751 4344 ---> 8
6104 7734 ---> 8
3753 179 ---> 10
8847 9322 ---> 8
3757 12 ---> 8
6113 2223 ---> 9
6115 7846 ---> 8
3766 9116 ---> 9
8861 1571 ---> 8
3769 3093 ---> 9
6121 1287 ---> 8
8865 658 ---> 9
8865 4805 ---> 8
3775 4743 ---> 8
3776 8956 ---> 9
3781 5872 ---> 9
8876 5112 ---> 9
8880 9085 ---> 8
6143 5957 ---> 8
3797 2525 ---> 8
8891 1767 ---> 9
8891 9566 ---> 8
3799 232 ---> 8
6155 6393 ---> 8
8901 229 ---> 8
6162 9641 ---> 8
8903 6754 ---> 8
8904 3909 ---> 8
3814 8368 ---> 8
3814 8354 ---> 8
6170 661 ---> 9
3818 7538 ---> 8
6171 7247 ---> 11
6172 4392 ---> 8
8913 5652 ---> 9
6173 3296 ---> 8
3824 7043 ---> 8
3825 4369 ---> 8
3826 7867 ---> 8
8918 5052 ---> 8
8921 3530 ---> 8
8922 4465 ---> 8
8926 8302 ---> 8
3839 6618 ---> 8
8933 7107 ---> 8
8934 3788 ---> 8
3846 939 ---> 8
8938 9979 ---> 9
8940 6481 ---> 10
6200 4366 ---> 8
8944 2449 ---> 8
8944 6095 ---> 8
3855 5607 ---> 9
8945 8008 ---> 8
6207 4039 ---> 8
8950 8739 ---> 8
6211 9680 ---> 8
6211 6800 ---> 8
3873 7405 ---> 8
3874 4926 ---> 10
3874 9557 ---> 8
3876 7530 ---> 8
8968 63 ---> 8
8970 1747 ---> 8
3881 5316 ---> 8
3882 5251 ---> 10
8972 4654 ---> 8
6232 5939 ---> 9
3887 437 ---> 9
6235 3330 ---> 10
3890 3843 ---> 8
8980 889 ---> 8
8981 8947 ---> 9
8981 5390 ---> 9
8982 4025 ---> 8
8983 2888 ---> 8
3894 5137 ---> 8
8984 5090 ---> 8
8985 269 ---> 8
3896 6475 ---> 8
8986 3106 ---> 8
3897 5459 ---> 8
6244 6762 ---> 8
8987 5706 ---> 8
3901 5410 ---> 8
8992 3557 ---> 8
8994 2875 ---> 9
6251 4533 ---> 8
3907 9714 ---> 9
3911 7625 ---> 8
3912 3040 ---> 8
3912 8406 ---> 8
6262 9503 ---> 10
9010 4084 ---> 9
3920 9294 ---> 8
6267 3205 ---> 8
9014 2424 ---> 10
3927 2153 ---> 8
9021 4318 ---> 8
6277 6355 ---> 8
9025 6430 ---> 10
9025 120 ---> 10
9025 3735 ---> 8
3937 550 ---> 9
6286 5281 ---> 8
6289 9283 ---> 8
3944 55 ---> 8
9035 5465 ---> 9
6293 8615 ---> 11
6293 4809 ---> 8
3948 9443 ---> 8
9039 3895 ---> 8
9040 2521 ---> 8
6297 4573 ---> 8
9044 4908 ---> 8
9046 623 ---> 8
3957 6196 ---> 8
6306 4719 ---> 8
3961 9485 ---> 8
3961 7542 ---> 8
9053 4158 ---> 8
9055 8250 ---> 8
9055 3100 ---> 8
3966 7169 ---> 8
3967 482 ---> 8
9061 5025 ---> 8
9061 4727 ---> 8
9062 1992 ---> 10
6319 8166 ---> 8
6320 2008 ---> 8
6322 399 ---> 8
6325 8004 ---> 8
9072 7895 ---> 9
3980 9142 ---> 8
3985 5413 ---> 8
6332 7197 ---> 9
9081 3032 ---> 8
6335 7164 ---> 8
3989 1178 ---> 8
9083 9711 ---> 9
9086 4666 ---> 8
9087 3395 ---> 8
6341 1165 ---> 8
9091 1282 ---> 8
9093 4603 ---> 8
9094 8389 ---> 9
6351 8196 ---> 8
9099 563 ---> 8
4010 222 ---> 10
9102 8909 ---> 9
6358 5405 ---> 8
9104 5426 ---> 8
4013 6484 ---> 10
6360 2785 ---> 8
6363 9215 ---> 8
4017 6871 ---> 8
9109 2497 ---> 8
4018 2680 ---> 9
4019 7323 ---> 9
6370 4568 ---> 8
9117 6956 ---> 8
4028 4579 ---> 8
9123 7281 ---> 8
4033 9188 ---> 8
4033 9929 ---> 8
6384 8461 ---> 8
6384 6231 ---> 8
6387 8903 ---> 8
6388 9300 ---> 8
6389 9029 ---> 8
9139 1520 ---> 8
4048 6049 ---> 8
9142 7012 ---> 8
6399 5374 ---> 8
4053 9266 ---> 8
9148 9211 ---> 10
6406 462 ---> 8
9152 6802 ---> 8
4061 7443 ---> 8
4062 4936 ---> 10
6414 1962 ---> 8
4067 9713 ---> 9
6416 8570 ---> 8
6416 834 ---> 8
6417 8986 ---> 8
9163 4622 ---> 8
4072 3678 ---> 9
4074 1983 ---> 8
9168 6005 ---> 8
6424 3629 ---> 8
9176 7805 ---> 8
9176 654 ---> 8
9182 4344 ---> 8
6437 8429 ---> 8
4090 7391 ---> 8
9186 2258 ---> 8
4093 4153 ---> 8
4094 389 ---> 8
4095 8265 ---> 8
6449 7249 ---> 8
9198 1071 ---> 9
4104 257 ---> 8
6456 6527 ---> 8
6460 3996 ---> 8
6460 5185 ---> 8
9206 7659 ---> 9
9208 6641 ---> 8
9209 5156 ---> 8
6467 9799 ---> 9
4119 3058 ---> 9
6475 2191 ---> 8
9221 2910 ---> 9
6483 7962 ---> 9
4138 8510 ---> 8
9235 5832 ---> 8
9236 2813 ---> 8
4142 668 ---> 8
6494 7678 ---> 8
9241 4988 ---> 8
6499 4460 ---> 9
4150 8256 ---> 8
9248 939 ---> 8
4154 2638 ---> 8
4155 2575 ---> 8
9253 877 ---> 8
4159 2824 ---> 8
6512 2228 ---> 8
9258 9717 ---> 8
6515 5654 ---> 8
9262 5225 ---> 8
4169 8784 ---> 8
4170 613 ---> 8
9265 9067 ---> 8
6521 1611 ---> 9
4172 8945 ---> 8
4175 2397 ---> 8
9272 4676 ---> 8
9274 2070 ---> 9
4180 32 ---> 10
6534 3134 ---> 8
9279 7505 ---> 10
9279 6679 ---> 8
6543 6709 ---> 8
9285 6846 ---> 8
6544 9156 ---> 8
4197 8413 ---> 11
9287 8485 ---> 8
6555 1563 ---> 8
9298 9277 ---> 9
6558 6185 ---> 8
4213 7408 ---> 8
6561 9621 ---> 8
9303 2764 ---> 8
6562 5396 ---> 9
9304 1195 ---> 8
6563 7139 ---> 8
6563 3255 ---> 8
4217 6357 ---> 8
6570 6875 ---> 8
9312 2677 ---> 8
6571 6326 ---> 10
4227 2579 ---> 8
9316 2853 ---> 8
9316 2805 ---> 8
4230 7610 ---> 8
4230 3488 ---> 8
9321 4293 ---> 11
6580 7851 ---> 10
4234 2546 ---> 8
9328 4403 ---> 8
9329 1954 ---> 9
4244 2945 ---> 8
9334 226 ---> 10
9334 8485 ---> 9
6594 2527 ---> 9
6594 1187 ---> 8
4249 1680 ---> 8
4249 890 ---> 8
6602 7094 ---> 11
4259 5967 ---> 8
4260 6354 ---> 8
6607 4043 ---> 8
6607 9779 ---> 8
6609 9456 ---> 8
4263 417 ---> 8
9352 7282 ---> 9
9355 5827 ---> 10
9355 6408 ---> 9
9355 5485 ---> 8
9362 2516 ---> 10
6623 2380 ---> 8
6623 5482 ---> 8
9364 3598 ---> 8
4279 1561 ---> 8
9367 2657 ---> 8
6628 8774 ---> 9
6629 1250 ---> 8
6629 9910 ---> 8
9369 8355 ---> 10
6630 2838 ---> 9
4285 1162 ---> 8
9371 3592 ---> 8
4287 6470 ---> 13
9377 3660 ---> 8
4292 2256 ---> 9
4294 5040 ---> 8
6641 9714 ---> 8
4296 4037 ---> 9
9385 8761 ---> 8
4303 614 ---> 11
9390 6072 ---> 8
9391 4563 ---> 8
6654 9017 ---> 8
9398 2184 ---> 10
4313 2660 ---> 10
4313 222 ---> 8
4316 2988 ---> 8
6663 6765 ---> 9
9407 2870 ---> 8
6670 1276 ---> 8
6674 432 ---> 8
4328 6618 ---> 8
9414 4231 ---> 9
9415 1284 ---> 8
9417 4791 ---> 8
4333 3277 ---> 10
9418 3822 ---> 9
6682 210 ---> 9
6682 6378 ---> 8
6683 7488 ---> 9
4339 375 ---> 8
4340 4447 ---> 8
4342 7477 ---> 8
6689 485 ---> 9
6690 3772 ---> 8
4348 3571 ---> 8
4350 8951 ---> 8
6697 7994 ---> 9
6698 8940 ---> 8
9435 2581 ---> 8
6701 5754 ---> 8
9438 9584 ---> 8
4357 8949 ---> 9
4358 5836 ---> 8
9444 3305 ---> 8
6708 5413 ---> 8
6711 8454 ---> 8
4365 7816 ---> 9
9449 3364 ---> 8
6713 5264 ---> 8
6714 6148 ---> 8
6714 9148 ---> 8
9451 705 ---> 8
4372 1157 ---> 8
6718 709 ---> 8
9457 5764 ---> 8
9457 140 ---> 8
9459 460 ---> 8
6723 3970 ---> 8
6724 6659 ---> 8
6725 7835 ---> 10
4382 550 ---> 9
9464 170 ---> 8
9466 4604 ---> 10
9466 1733 ---> 8
6730 1551 ---> 9
4385 1460 ---> 8
4386 1360 ---> 8
6732 8352 ---> 8
4387 5662 ---> 8
9471 5188 ---> 8
6738 1737 ---> 9
4400 8621 ---> 9
9485 2788 ---> 11
9488 8764 ---> 8
4407 1133 ---> 9
6753 4530 ---> 8
6753 3178 ---> 8
9492 6387 ---> 8
4411 3399 ---> 8
4412 5268 ---> 8
9495 7683 ---> 8
9496 154 ---> 11
9496 6679 ---> 9
6760 7047 ---> 8
4416 4513 ---> 8
6761 6972 ---> 8
9501 27 ---> 8
9502 3683 ---> 9
9502 3106 ---> 8
9508 6315 ---> 8
4427 8396 ---> 8
4428 5552 ---> 8
4430 7392 ---> 8
4430 4969 ---> 8
4434 8018 ---> 9
4437 4527 ---> 8
4438 2226 ---> 9
4438 6161 ---> 8
9522 3928 ---> 8
9523 18 ---> 8
9524 9369 ---> 9
9526 5982 ---> 8
9528 9859 ---> 9
4451 4258 ---> 8
6797 2870 ---> 8
4454 9427 ---> 8
6799 7729 ---> 8
4456 7154 ---> 8
6801 9640 ---> 9
9541 405 ---> 8
9545 2868 ---> 8
4467 6952 ---> 8
9548 4261 ---> 11
6811 256 ---> 8
4471 4970 ---> 8
4471 6738 ---> 8
9553 8566 ---> 9
4473 2858 ---> 8
6817 2136 ---> 8
6817 1905 ---> 8
4475 5511 ---> 8
4477 4152 ---> 8
9562 776 ---> 8
6826 7838 ---> 8
4487 3663 ---> 9
9568 7534 ---> 8
9569 8858 ---> 8
6832 5332 ---> 8
6833 9173 ---> 11
4491 1489 ---> 9
4491 5440 ---> 8
9573 1844 ---> 8
9578 1551 ---> 10
9582 3835 ---> 8
4502 8125 ---> 10
9584 1828 ---> 9
9584 5457 ---> 8
9585 759 ---> 8
4506 5453 ---> 10
4508 5718 ---> 8
6856 7778 ---> 8
4513 62 ---> 9
9600 1808 ---> 8
9601 5959 ---> 9
9603 6509 ---> 8
9604 8622 ---> 8
6869 9650 ---> 9
6870 4387 ---> 8
9607 6587 ---> 9
4530 6414 ---> 8
9611 2337 ---> 8
6875 157 ---> 9
6876 6691 ---> 10
6879 6763 ---> 8
4537 3597 ---> 8
6882 353 ---> 8
4539 1414 ---> 8
6886 1564 ---> 9
6887 7277 ---> 8
4545 9108 ---> 8
6889 6293 ---> 8
9627 2414 ---> 8
9628 8204 ---> 8
9628 6225 ---> 8
6891 3749 ---> 8
4548 1137 ---> 8
6894 1520 ---> 8
6895 5993 ---> 8
4555 5814 ---> 8
9637 3954 ---> 8
6901 8337 ---> 8
4560 1318 ---> 8
4561 9540 ---> 9
9643 790 ---> 12
4567 2848 ---> 8
9650 5237 ---> 8
9654 956 ---> 10
9654 3974 ---> 8
9658 9448 ---> 8
9661 6329 ---> 8
4581 9144 ---> 8
6924 7444 ---> 8
9662 8299 ---> 8
6924 8721 ---> 8
4584 8430 ---> 8
6934 9140 ---> 9
6934 596 ---> 8
4594 635 ---> 9
4594 8227 ---> 9
9675 3379 ---> 8
6939 8274 ---> 8
4597 7333 ---> 8
9679 4069 ---> 8
6941 7084 ---> 8
6941 2872 ---> 8
6947 3156 ---> 10
4607 3651 ---> 8
9689 5551 ---> 8
4610 6960 ---> 9
9691 7204 ---> 9
9692 179 ---> 8
4613 1147 ---> 8
4615 8610 ---> 8
6957 416 ---> 8
4616 1014 ---> 8
4624 9296 ---> 8
6968 9899 ---> 8
4628 5526 ---> 8
9710 7667 ---> 8
9710 4768 ---> 8
6975 2673 ---> 10
6975 9446 ---> 8
9714 6899 ---> 10
9714 9994 ---> 8
6977 5277 ---> 8
9718 3333 ---> 8
6982 510 ---> 10
4641 4338 ---> 9
4642 8792 ---> 8
6984 5722 ---> 8
9723 3593 ---> 8
4643 5829 ---> 8
9724 8194 ---> 9
4645 4437 ---> 9
4647 9750 ---> 8
6989 9723 ---> 8
6990 2611 ---> 8
4649 5219 ---> 8
4653 1363 ---> 8
9734 4552 ---> 8
6999 5326 ---> 9
7002 8732 ---> 9
7003 838 ---> 8
9745 8133 ---> 8
9746 9368 ---> 11
9746 4523 ---> 8
7007 6970 ---> 9
9747 8487 ---> 8
4668 1003 ---> 8
7014 5500 ---> 8
7014 1133 ---> 8
9757 835 ---> 9
9757 104 ---> 8
9759 4708 ---> 8
4681 7351 ---> 8
9763 5971 ---> 9
7029 9640 ---> 8
9770 9879 ---> 8
9771 4742 ---> 9
9773 495 ---> 9
9774 4411 ---> 8
7036 7274 ---> 9
9775 6427 ---> 8
9775 9363 ---> 8
7040 1488 ---> 8
7044 83 ---> 8
7045 6852 ---> 9
7047 9234 ---> 8
1158 6329 ---> 9
7051 3285 ---> 8
4692 1595 ---> 8
9792 233 ---> 8
1165 8663 ---> 8
1169 7431 ---> 8
9798 9165 ---> 9
1172 4860 ---> 8
7064 8248 ---> 10
7064 5213 ---> 9
7067 1724 ---> 9
9806 7998 ---> 8
1180 4728 ---> 8
7070 9330 ---> 8
9809 7162 ---> 8
4710 2605 ---> 8
1181 3522 ---> 9
9810 5497 ---> 9
1183 9625 ---> 8
4713 6578 ---> 10
1184 7762 ---> 9
1184 5669 ---> 8
7076 8066 ---> 8
9815 4064 ---> 8
7077 6867 ---> 8
4719 6375 ---> 10
4719 2472 ---> 9
1190 2499 ---> 8
7083 3360 ---> 8
1193 8248 ---> 8
9825 4329 ---> 8
1196 5652 ---> 9
9826 6014 ---> 8
9829 8377 ---> 8
9833 2429 ---> 10
7097 8051 ---> 8
7098 4770 ---> 8
7099 586 ---> 8
4739 687 ---> 10
9839 5371 ---> 8
4740 4698 ---> 8
4740 3327 ---> 8
4741 1681 ---> 8
7102 5866 ---> 8
7104 5130 ---> 8
1215 944 ---> 8
4745 226 ---> 8
4746 9232 ---> 8
4747 8850 ---> 9
9847 179 ---> 8
4749 6236 ---> 8
9849 6715 ---> 8
4750 4064 ---> 8
7111 3389 ---> 8
9850 9975 ---> 8
1222 4443 ---> 9
7114 4404 ---> 8
7118 9949 ---> 8
4758 1740 ---> 8
1229 7330 ---> 8
7121 9177 ---> 8
4763 5912 ---> 8
7124 3340 ---> 9
1236 5642 ---> 8
9866 7483 ---> 8
7128 1054 ---> 8
9868 4626 ---> 8
1240 332 ---> 10
9871 428 ---> 8
4772 651 ---> 9
1243 6031 ---> 8
1243 652 ---> 8
4773 8393 ---> 8
7134 7098 ---> 8
4774 2055 ---> 8
9874 5787 ---> 8
4775 6020 ---> 8
9878 2290 ---> 8
7140 8301 ---> 8
4781 5484 ---> 8
4782 273 ---> 8
9882 8072 ---> 8
1255 963 ---> 8
4786 2224 ---> 8
4788 9681 ---> 8
4789 1933 ---> 8
4790 9447 ---> 10
4791 216 ---> 8
1262 2771 ---> 9
7155 7859 ---> 10
1266 9587 ---> 8
4796 6598 ---> 9
9896 7987 ---> 11
1268 989 ---> 8
7159 2808 ---> 8
1269 9068 ---> 8
7161 294 ---> 8
7163 8916 ---> 9
1273 9792 ---> 8
7164 5224 ---> 8
4805 7433 ---> 8
4805 4087 ---> 8
4805 8959 ---> 8
4805 5893 ---> 8
9905 340 ---> 8
7166 8867 ---> 8
1277 4587 ---> 8
4807 8090 ---> 8
9911 7855 ---> 10
7176 4595 ---> 8
7178 3097 ---> 8
4819 6760 ---> 8
7180 7416 ---> 8
1293 7023 ---> 8
7183 4963 ---> 8
9923 3087 ---> 8
9925 1354 ---> 9
4826 3798 ---> 8
9927 5723 ---> 8
9927 2152 ---> 8
7188 704 ---> 8
7191 9825 ---> 8
4832 2831 ---> 8
9933 5201 ---> 8
1304 6446 ---> 8
4834 774 ---> 8
9934 4929 ---> 8
7195 9526 ---> 8
1307 959 ---> 10
4838 5055 ---> 8
1309 4743 ---> 8
7202 8141 ---> 9
9942 4070 ---> 8
4846 8471 ---> 8
1317 2836 ---> 8
1318 4069 ---> 8
7209 8055 ---> 8
1322 8378 ---> 8
9952 8185 ---> 8
4855 3209 ---> 8
9957 2102 ---> 9
4860 5578 ---> 9
4860 7761 ---> 8
7221 97 ---> 8
7223 8357 ---> 9
7223 7617 ---> 8
7224 6946 ---> 8
1336 9831 ---> 9
1336 6660 ---> 9
1337 5352 ---> 8
7227 893 ---> 8
4867 7513 ---> 8
1340 9966 ---> 8
7230 5400 ---> 8
4872 1919 ---> 8
4874 6641 ---> 10
1349 393 ---> 8
9979 3345 ---> 8
1351 6604 ---> 8
4881 1187 ---> 8
9984 8437 ---> 8
1355 3094 ---> 8
7245 4747 ---> 8
1356 287 ---> 8
1357 4538 ---> 8
9988 8424 ---> 8
9989 7743 ---> 8
4888 2032 ---> 8
7253 4421 ---> 8
4891 9938 ---> 12
4891 9216 ---> 8
1367 2547 ---> 9
7258 7039 ---> 8
7260 2039 ---> 9
1371 2550 ---> 8
1371 9052 ---> 8
7269 6346 ---> 9
4907 1018 ---> 8
4910 9837 ---> 8
4912 8673 ---> 9
7276 5115 ---> 8
1386 4142 ---> 8
4914 6689 ---> 11
7280 1842 ---> 8
4919 8794 ---> 9
1392 6426 ---> 8
4922 9479 ---> 8
1395 9338 ---> 8
1396 1579 ---> 8
4926 3309 ---> 10
7292 3131 ---> 8
1402 4789 ---> 8
1402 3559 ---> 8
4931 2145 ---> 8
1406 9168 ---> 9
4934 4906 ---> 8
7298 7254 ---> 9
4937 4125 ---> 8
4937 5354 ---> 8
7306 8835 ---> 8
7308 784 ---> 8
1419 9845 ---> 8
1419 5925 ---> 8
1420 9975 ---> 8
7312 1873 ---> 8
7314 296 ---> 8
7318 182 ---> 9
7320 2214 ---> 8
4957 5668 ---> 8
4957 5418 ---> 8
7322 410 ---> 8
1433 5950 ---> 8
7324 3506 ---> 10
7331 7255 ---> 8
7334 1514 ---> 9
1445 4840 ---> 8
7335 1963 ---> 8
7337 7072 ---> 8
1454 7629 ---> 8
4982 8708 ---> 8
7347 9894 ---> 9
1459 806 ---> 8
4987 1325 ---> 8
1462 9053 ---> 8
1465 8126 ---> 8
1468 6206 ---> 9
1471 7526 ---> 8
4998 4050 ---> 8
1472 7384 ---> 9
1474 7010 ---> 8
7365 4051 ---> 8
7366 6792 ---> 9
1479 5234 ---> 8
1480 9874 ---> 8
7370 7525 ---> 8
1481 2999 ---> 8
1482 6692 ---> 9
1483 2031 ---> 8
7374 162 ---> 8
1485 9807 ---> 9
1487 6996 ---> 8
1489 6985 ---> 8
7382 3911 ---> 8
1495 9263 ---> 8
1500 7150 ---> 8
7392 3012 ---> 8
1502 4628 ---> 8
7393 5524 ---> 9
7394 4638 ---> 8
7395 9377 ---> 8
7398 5233 ---> 8
7399 7688 ---> 8
1511 7730 ---> 8
7401 7614 ---> 8
1519 9306 ---> 8
1522 211 ---> 8
1526 7580 ---> 8
1528 5924 ---> 9
7420 1602 ---> 8
1530 7396 ---> 8
7431 5389 ---> 8
1541 6643 ---> 8
7433 8305 ---> 8
7436 7833 ---> 8
1547 414 ---> 8
1551 6593 ---> 8
7442 3912 ---> 8
1556 8091 ---> 8
1561 2573 ---> 9
1561 2547 ---> 8
7452 6809 ---> 8
1562 4384 ---> 8
1563 6507 ---> 10
1563 6566 ---> 8
7454 8728 ---> 8
1567 6546 ---> 8
1572 6116 ---> 8
1574 1137 ---> 9
7466 5658 ---> 8
7466 5515 ---> 8
7467 785 ---> 8
1579 3370 ---> 8
1585 9785 ---> 8
7482 4784 ---> 8
1592 6330 ---> 8
1597 4117 ---> 8
7488 9927 ---> 8
7489 9755 ---> 8
7493 3464 ---> 8
1604 7085 ---> 8
1623 8296 ---> 8
1624 3998 ---> 11
1625 8391 ---> 8
1629 3565 ---> 9
1632 9145 ---> 9
1634 1578 ---> 8
1638 3832 ---> 8
1643 2332 ---> 9
1662 6182 ---> 8
1676 9574 ---> 9
1677 6297 ---> 9
1680 6477 ---> 8
1685 5795 ---> 9
1688 6773 ---> 8
1692 8455 ---> 8
1710 54 ---> 9
1736 9335 ---> 8
1737 1794 ---> 9
1738 2117 ---> 8
1738 4119 ---> 8
1740 7793 ---> 8
1741 8029 ---> 8
1752 976 ---> 8
1759 1625 ---> 8
1761 6967 ---> 8
1778 9980 ---> 8
1779 8087 ---> 8
1784 9457 ---> 10
1786 9375 ---> 8
1789 6370 ---> 8
1790 6627 ---> 8
1796 6902 ---> 8
1810 6393 ---> 8
1821 4313 ---> 8
1828 8305 ---> 8
1833 1541 ---> 8
1837 1942 ---> 8
1838 9589 ---> 8
1852 8579 ---> 8
1855 7317 ---> 8
1861 3062 ---> 8
1861 5486 ---> 8
1889 5462 ---> 8
1903 1243 ---> 8
1910 8142 ---> 8
1913 1944 ---> 8
1913 3136 ---> 8
1917 530 ---> 8
1923 2294 ---> 8
1937 4313 ---> 8
1940 9459 ---> 8
1951 1803 ---> 8
1956 328 ---> 8
1958 4198 ---> 10
1960 5013 ---> 8
1963 3766 ---> 8
1965 4663 ---> 8
1968 4665 ---> 9
1970 5021 ---> 8
1977 603 ---> 8
1982 7194 ---> 10
1989 2909 ---> 9
1989 7233 ---> 8
1998 568 ---> 8
1999 830 ---> 8
2001 9110 ---> 8
2008 6139 ---> 8
2008 154 ---> 8
2016 4369 ---> 8
2026 4317 ---> 8
2031 5444 ---> 8
2038 3159 ---> 8
2047 8957 ---> 8
2050 7834 ---> 8
2064 8238 ---> 8
2069 7128 ---> 8
2070 517 ---> 8
2078 3603 ---> 8
2088 851 ---> 9
2096 5117 ---> 8
2108 4594 ---> 8
2109 9629 ---> 8
2119 4731 ---> 8
2121 1264 ---> 9
2126 6293 ---> 8
2129 2770 ---> 8
2135 912 ---> 10
2136 8686 ---> 9
2145 5468 ---> 8
2148 7082 ---> 8
2158 9893 ---> 8
2162 3254 ---> 8
2166 7104 ---> 11
2167 9262 ---> 8
2168 8545 ---> 8
2168 6133 ---> 8
2170 9350 ---> 9
2170 7353 ---> 8
2179 8353 ---> 12
2179 7539 ---> 9
2179 2812 ---> 8
2186 4732 ---> 8
2188 1435 ---> 8
2189 484 ---> 8
2190 8698 ---> 9
2214 7191 ---> 9
2224 2294 ---> 9
2235 2007 ---> 8
2237 3692 ---> 8
2240 7922 ---> 8
2243 3342 ---> 8
2247 6141 ---> 8
2249 2275 ---> 8
2251 3727 ---> 8
2267 1338 ---> 8
2270 7208 ---> 10
2282 9800 ---> 8
2297 4349 ---> 8
2299 4139 ---> 8
2304 6716 ---> 8
2314 9567 ---> 8
2317 4471 ---> 8
2324 6199 ---> 8
2335 8032 ---> 8
2336 2171 ---> 8
2343 2462 ---> 8
2348 2290 ---> 9
2349 9149 ---> 9
2350 1539 ---> 9
2358 330 ---> 9
2361 1402 ---> 8
2363 4091 ---> 10
2365 9738 ---> 8
2368 2907 ---> 8
2373 2153 ---> 8
2381 516 ---> 8
2382 7644 ---> 8
2382 318 ---> 8
2382 7721 ---> 8
2388 3156 ---> 8
2392 4109 ---> 8
2395 5279 ---> 8
2398 6954 ---> 8
2406 3071 ---> 9
2408 7722 ---> 9
2410 2218 ---> 9
2415 3378 ---> 8
2418 8301 ---> 9
2420 720 ---> 9
2432 8596 ---> 8
2432 6870 ---> 8
2436 7637 ---> 8
2438 5329 ---> 8
2453 149 ---> 8
2453 5947 ---> 8
2461 6219 ---> 8
2477 2469 ---> 8
2484 9675 ---> 8
2494 2846 ---> 9
2497 6800 ---> 9
